{"model":{"version":2,"nodes":[{"name":"RootNode","position":[0,0,0],"rotation":[0,0,0],"scale":[1,1,1],"scaleCompensation":false},{"name":"mesh_GRP","position":[0,0,0],"rotation":[0,0,0],"scale":[0.01,0.01,0.01],"scaleCompensation":false},{"name":"flame_GEO","position":[0,0,0],"rotation":[0,0,0],"scale":[1,1,1],"scaleCompensation":false},{"name":"markiv_GEO","position":[0,0,0],"rotation":[0,0,0],"scale":[1,1,1],"scaleCompensation":false},{"name":"shadow_GEO","position":[0,0,0],"rotation":[0,0,0],"scale":[1,1,1],"scaleCompensation":false},{"name":"spoiler_GEO","position":[0,0,0],"rotation":[0,0,0],"scale":[1,1,1],"scaleCompensation":false},{"name":"turbobooster_GEO","position":[0,0,0],"rotation":[0,0,0],"scale":[1,1,1],"scaleCompensation":false},{"name":"root_JNT","position":[-1.14805e-18,0,5.55111e-19],"rotation":[0,0,0],"scale":[0.01,0.01,0.01],"scaleCompensation":false},{"name":"Spine0","position":[0,1.72162,-0.0173439],"rotation":[0,0,0],"scale":[1,1,1],"scaleCompensation":false},{"name":"Spine1","position":[0,0.246683,0],"rotation":[0,0,0],"scale":[1,1,1],"scaleCompensation":false},{"name":"Spine2","position":[0,0.246683,0],"rotation":[0,0,0],"scale":[1,1,1],"scaleCompensation":false},{"name":"Spine3","position":[0,0.246683,0],"rotation":[0,0,0],"scale":[1,1,1],"scaleCompensation":false},{"name":"Spine4","position":[0,0.246683,0],"rotation":[-5.68064e-16,-1.59028e-15,-3.55259e-15],"scale":[1,1,1],"scaleCompensation":false},{"name":"head_JNT","position":[-8.32667e-17,0.148508,-0.0308426],"rotation":[0,0,0],"scale":[1,1,1],"scaleCompensation":false},{"name":"headEnd_JNT","position":[-2.62505e-17,0.441575,0.0220273],"rotation":[17.5697,33.6442,29.7485],"scale":[1,1,1],"scaleCompensation":false},{"name":"earL_JNT","position":[0.593262,1.38778e-16,0],"rotation":[1.96876,9.67365,-12.837],"scale":[1,1,1],"scaleCompensation":false},{"name":"earLEnd","position":[1.39243,-6.38378e-16,-3.33067e-16],"rotation":[-1.17341e-15,-47.3414,-11.3948],"scale":[1,1,1],"scaleCompensation":false},{"name":"earR_JNT","position":[-0.0265925,0.281157,-0.521731],"rotation":[-114.679,-77.4943,-90.2371],"scale":[1,1,1],"scaleCompensation":false},{"name":"earREnd","position":[-1.39243,-1.31562e-06,-1.42373e-06],"rotation":[-2.11214e-14,-47.3414,-11.3948],"scale":[1,1,1],"scaleCompensation":false},{"name":"armROut0","position":[-0.202163,-0.0594938,-0.0153429],"rotation":[-1.60931,362.481,89.9303],"scale":[1,1,1],"scaleCompensation":false},{"name":"armROut1","position":[-0.000419543,0.144852,0.00109049],"rotation":[0.64715,-0.00281184,0.248936],"scale":[1,1,1],"scaleCompensation":false},{"name":"armROut2","position":[0.000209421,0.144851,-0.00054395],"rotation":[-0.645856,0.00381141,-0.248666],"scale":[1,1,1],"scaleCompensation":false},{"name":"armROut3","position":[0.000209286,0.144838,-0.000543169],"rotation":[-0.430079,0.00190604,-0.165687],"scale":[1,1,1],"scaleCompensation":false},{"name":"armROut4","position":[0.000209954,0.144833,-0.00054568],"rotation":[545.729,186.381,541.569],"scale":[1,1,1],"scaleCompensation":false},{"name":"armROut5","position":[0.000148778,0.133006,-0.000565842],"rotation":[-0.487216,0.00212394,-0.128171],"scale":[1,1,1],"scaleCompensation":false},{"name":"armROut6","position":[0.000148597,0.133011,-0.000563851],"rotation":[-0.485462,0.00321374,-0.128014],"scale":[1,1,1],"scaleCompensation":false},{"name":"armROut7","position":[0.000297328,0.133021,-0.00112831],"rotation":[-0.728778,0.00185438,-0.192102],"scale":[1,1,1],"scaleCompensation":false},{"name":"armROut8","position":[-0.000148813,0.13303,0.000565197],"rotation":[176.232,-2.15116,-91.1043],"scale":[1,1,1],"scaleCompensation":false},{"name":"armLOut0","position":[0.202163,-0.0594948,-0.0153429],"rotation":[-1.60786,0.495947,-90.0139],"scale":[1,1,1],"scaleCompensation":false},{"name":"armLOut1","position":[-0.000876674,0.144907,-0.00267368],"rotation":[-1.5859,0.0281798,0.51936],"scale":[1,1,1],"scaleCompensation":false},{"name":"armLOut2","position":[0.000436374,0.1449,0.00133251],"rotation":[1.58234,0.0137944,-0.517949],"scale":[1,1,1],"scaleCompensation":false},{"name":"armLOut3","position":[0.00043582,0.144825,0.00133133],"rotation":[1.05442,0.0138017,-0.344958],"scale":[1,1,1],"scaleCompensation":false},{"name":"armLOut4","position":[0.000437862,0.144798,0.00133841],"rotation":[1.0614,0.0088448,-0.347006],"scale":[1,1,1],"scaleCompensation":false},{"name":"armLOut5","position":[0.000438423,0.132971,0.00134057],"rotation":[1.15432,0.0149653,-0.377261],"scale":[1,1,1],"scaleCompensation":false},{"name":"armLOut6","position":[0.000436084,0.133001,0.0013343],"rotation":[1.1484,0.00736197,-0.375231],"scale":[1,1,1],"scaleCompensation":false},{"name":"armLOut7","position":[0.000872417,0.13306,0.00266993],"rotation":[1.72319,0.0169299,-0.562731],"scale":[1,1,1],"scaleCompensation":false},{"name":"armLOut8","position":[-0.000437145,0.133112,-0.0013385],"rotation":[-0.454177,4.52974,92.0253],"scale":[1,1,1],"scaleCompensation":false},{"name":"thighL_JNT","position":[0.102687,-0.110441,-0.0525135],"rotation":[-71.2667,2.42432,-88.2361],"scale":[1,1,1],"scaleCompensation":false},{"name":"kneeL_JNT","position":[0.667831,-8.06646e-17,-1.07553e-16],"rotation":[-11.6486,1.60581,5.47825],"scale":[1,1,1],"scaleCompensation":false},{"name":"footL_JNT","position":[0.551943,2.26381e-16,-5.89806e-17],"rotation":[171.413,-41.1862,-86.5034],"scale":[1,1,1],"scaleCompensation":false},{"name":"toeL_JNT","position":[0.734459,-1.94289e-16,3.88578e-16],"rotation":[0.0896783,8.68494,8.78727],"scale":[1,1,1],"scaleCompensation":false},{"name":"toeEndL_JNT","position":[0.795099,2.8276e-16,-3.88578e-16],"rotation":[-6.58693e-17,46.3692,-0.587062],"scale":[1,1,1],"scaleCompensation":false},{"name":"thighR_JNT","position":[-0.102687,-0.110441,-0.0525135],"rotation":[108.743,-2.11371,88.4011],"scale":[1,1,1],"scaleCompensation":false},{"name":"kneeR_JNT","position":[-0.667831,-1.01746e-07,-2.56258e-07],"rotation":[-11.6347,1.74301,5.94846],"scale":[1,1,1],"scaleCompensation":false},{"name":"footR_JNT","position":[-0.551943,-3.70264e-07,1.01352e-08],"rotation":[171.626,-41.2277,-86.8038],"scale":[1,1,1],"scaleCompensation":false},{"name":"toeR_JNT","position":[-0.734459,-3.11809e-07,-8.49168e-07],"rotation":[0.0896783,8.68494,8.78727],"scale":[1,1,1],"scaleCompensation":false},{"name":"toeEndR_JNT","position":[-0.795101,-4.0981e-07,2.68769e-06],"rotation":[5.16576e-12,46.3692,-0.587062],"scale":[1,1,1],"scaleCompensation":false},{"name":"penfold_spinePenfold0","position":[0,0.669038,0.271572],"rotation":[-11.4334,0,0],"scale":[1,1,1],"scaleCompensation":false},{"name":"penfold_spinePenfold1","position":[0,0.472777,5.55112e-17],"rotation":[0,0,0],"scale":[1,1,1],"scaleCompensation":false},{"name":"penfold_spinePenfold2","position":[0,0.472777,-5.55112e-17],"rotation":[0,0,0],"scale":[1,1,1],"scaleCompensation":false},{"name":"penfold_shoulderL_JNT","position":[0.648295,-0.32083,-0.06426],"rotation":[10.7641,-25.6944,-1.03543],"scale":[1,1,1],"scaleCompensation":false},{"name":"penfold_elbowL_JNT","position":[0.253901,-0.00120919,-0.0600414],"rotation":[-2.67305,-12.3981,8.25485],"scale":[1,1,1],"scaleCompensation":false},{"name":"penfold_handL_JNT","position":[0.299965,-0.0503723,0.0577281],"rotation":[-10.1401,21.8773,-37.6175],"scale":[1,1,1],"scaleCompensation":false},{"name":"penfold_handEndL","position":[0.314561,-4.44089e-16,-2.77556e-17],"rotation":[-5.98457e-14,14.0905,23.6752],"scale":[1,1,1],"scaleCompensation":false},{"name":"penfold_shoulderR_JNT","position":[-0.648295,-0.320826,-0.0642592],"rotation":[-169.236,25.6944,1.03543],"scale":[1,1,1],"scaleCompensation":false},{"name":"penfold_elbowR_JNT","position":[-0.2539,0.00121239,0.0600414],"rotation":[-2.67305,-12.3981,8.25485],"scale":[1,1,1],"scaleCompensation":false},{"name":"penfold_handR_JNT","position":[-0.299968,0.0503689,-0.0577268],"rotation":[-10.1401,21.8773,-37.6175],"scale":[1,1,1],"scaleCompensation":false},{"name":"penfold_handEndR","position":[-0.314565,6.3435e-06,8.3506e-08],"rotation":[-2.90883e-15,14.0905,23.6752],"scale":[1,1,1],"scaleCompensation":false},{"name":"penfold_neck_JNT","position":[-8.32667e-17,0.170141,0.0341913],"rotation":[11.4334,-0,0],"scale":[1,1,1],"scaleCompensation":false},{"name":"penfold_lipTopCornerL_JNT","position":[0.581747,0.474175,0.327874],"rotation":[0,0,0],"scale":[1,1,1],"scaleCompensation":false},{"name":"penfold_lipTopMidL_JNT","position":[0.334274,0.26588,0.386783],"rotation":[0,0,0],"scale":[1,1,1],"scaleCompensation":false},{"name":"penfold_lipTop_JNT","position":[-3.15503e-17,0.186226,0.491646],"rotation":[0,0,0],"scale":[1,1,1],"scaleCompensation":false},{"name":"penfold_jaw_JNT","position":[0.000677387,0.263189,0.0982406],"rotation":[0,0,0],"scale":[1,1,1],"scaleCompensation":false},{"name":"penfold_lipBottom_JNT","position":[-1.14817e-16,-0.110221,0.407585],"rotation":[0,0,0],"scale":[1,1,1],"scaleCompensation":false},{"name":"penfold_lipBottomMidL_JNT","position":[0.346025,-0.0146869,0.312184],"rotation":[0,0,0],"scale":[1,1,1],"scaleCompensation":false},{"name":"penfold_lipBottomCornerL_JNT","position":[0.593144,0.197791,0.221681],"rotation":[0,0,0],"scale":[1,1,1],"scaleCompensation":false},{"name":"penfold_lipBottomCornerR_JNT","position":[-0.593144,0.197792,0.221681],"rotation":[180,-0,0],"scale":[1,1,1],"scaleCompensation":false},{"name":"penfold_lipBottomMidR_JNT","position":[-0.346025,-0.0146883,0.312184],"rotation":[180,-0,0],"scale":[1,1,1],"scaleCompensation":false},{"name":"penfold_lipTopMidR_JNT","position":[-0.334274,0.265881,0.386783],"rotation":[180,-0,0],"scale":[1,1,1],"scaleCompensation":false},{"name":"penfold_lipTopCornerR_JNT","position":[-0.581747,0.474171,0.327874],"rotation":[180,-0,0],"scale":[1,1,1],"scaleCompensation":false},{"name":"penfold_glasses_JNT","position":[-0.000475007,0.943105,0.249255],"rotation":[180,-0,0],"scale":[1,1,1],"scaleCompensation":false},{"name":"penfold_eyeR_JNT","position":[-0.162347,0.00421468,-0.0481978],"rotation":[0,0,0],"scale":[1,1,1],"scaleCompensation":false},{"name":"penfold_eyebrowR_JNT","position":[-0.211626,-0.425335,0.0971372],"rotation":[0,0,0],"scale":[1,1,1],"scaleCompensation":false},{"name":"penfold_eyebrowL_JNT","position":[0.212576,-0.425333,0.0971376],"rotation":[180,-0,0],"scale":[1,1,1],"scaleCompensation":false},{"name":"penfold_eyeL_JNT","position":[0.163297,0.00421963,-0.048198],"rotation":[180,-0,0],"scale":[1,1,1],"scaleCompensation":false},{"name":"penfold_earL_JNT","position":[0.819164,0.55311,-0.0673703],"rotation":[0,0,0],"scale":[1,1,1],"scaleCompensation":false},{"name":"penfold_earR_JNT","position":[-0.819164,0.553111,-0.0673703],"rotation":[180,-0,0],"scale":[1,1,1],"scaleCompensation":false},{"name":"penfold_thighL_JNT","position":[0.271159,-0.0653637,0.0235668],"rotation":[90,9.64354,-90],"scale":[1,1,1],"scaleCompensation":false},{"name":"penfold_kneeL_JNT","position":[0.215669,-8.76035e-17,-9.72595e-33],"rotation":[180,2.14616e-15,-19.7178],"scale":[1,1,1],"scaleCompensation":false},{"name":"penfold_heelL_JNT","position":[0.240726,0,9.01701e-18],"rotation":[180,1.26406e-14,-82.911],"scale":[1,1,1],"scaleCompensation":false},{"name":"penfold_toeL_JNT","position":[0.260183,-1.38778e-17,5.74014e-17],"rotation":[-3.29086e-15,-1.5873e-14,23.4258],"scale":[1,1,1],"scaleCompensation":false},{"name":"penfold_toeEndL_JNT","position":[0.404339,5.72459e-17,1.12017e-16],"rotation":[-1.59114,90,0],"scale":[1,1,1],"scaleCompensation":false},{"name":"penfold_thighR_JNT","position":[-0.271159,-0.0653634,0.0235667],"rotation":[-90,-9.64354,90],"scale":[1,1,1],"scaleCompensation":false},{"name":"penfold_kneeR_JNT","position":[-0.21567,-5.9346e-07,0],"rotation":[-180,5.98813e-15,-19.7178],"scale":[1,1,1],"scaleCompensation":false},{"name":"penfold_heelR_JNT","position":[-0.240726,-7.55559e-07,0],"rotation":[-180,-1.67949e-14,-82.911],"scale":[1,1,1],"scaleCompensation":false},{"name":"penfold_toeR_JNT","position":[-0.260183,-6.04122e-07,-5.55112e-17],"rotation":[6.1237e-15,2.95368e-14,23.4258],"scale":[1,1,1],"scaleCompensation":false},{"name":"penfold_toeEndR_JNT","position":[-0.404339,-5.55341e-09,1.11022e-16],"rotation":[-1.59114,90,0],"scale":[1,1,1],"scaleCompensation":false},{"name":"shadow_JNT","position":[3.15386e-17,0,-5.55112e-17],"rotation":[0,0,0],"scale":[1,1,1],"scaleCompensation":false},{"name":"Dome_JNT","position":[-0.448472,3.13354,-3.76376],"rotation":[-52.4474,0,0],"scale":[1,1,0.37679],"scaleCompensation":false},{"name":"windshield_JNT","position":[1.05112e-15,4.435,4.59178],"rotation":[0,0,0],"scale":[1,1,1],"scaleCompensation":false},{"name":"wheelFR_JNT","position":[-3.43673,1.55258,4.98892],"rotation":[0,0,0],"scale":[1,1,1],"scaleCompensation":false},{"name":"wheelFL_JNT","position":[3.43673,1.55258,4.98892],"rotation":[0,0,0],"scale":[1,1,1],"scaleCompensation":false},{"name":"wheelBR_JNT","position":[-3.45141,1.55258,-3.78925],"rotation":[0,0,0],"scale":[1,1,1],"scaleCompensation":false},{"name":"wheelBL_JNT","position":[3.43673,1.55258,-3.79363],"rotation":[0,0,0],"scale":[1,1,1],"scaleCompensation":false},{"name":"wingR_JNT","position":[-3.45717,2.73961,-0.0747674],"rotation":[-7.3459,0,-90],"scale":[0.0475634,0.298588,1],"scaleCompensation":false},{"name":"wingL_JNT","position":[3.32664,2.73223,-0.138553],"rotation":[175.022,6.50065e-15,90],"scale":[0.0475634,0.298588,1],"scaleCompensation":false},{"name":"frontWheelL_JNT","position":[0.713254,1.02499,4.97325],"rotation":[0,0,0],"scale":[1,1,1],"scaleCompensation":false},{"name":"frontWheelR_JNT","position":[0.0324316,1.02499,4.97325],"rotation":[0,0,0],"scale":[1,1,1],"scaleCompensation":false},{"name":"backWheelR_JNT","position":[0.421702,1.0081,-3.77954],"rotation":[0,0,0],"scale":[1,1,1],"scaleCompensation":false},{"name":"backWheelL_JNT","position":[-0.0359631,1.0081,-3.77954],"rotation":[0,0,0],"scale":[1,1,1],"scaleCompensation":false},{"name":"tailFin_JNT","position":[-8.49529e-16,1.34451,-3.18755],"rotation":[-17.13,-0,0],"scale":[1,1,1],"scaleCompensation":false},{"name":"gunTurretL_JNT","position":[1.36691,2.05326,5.01825],"rotation":[0,0,0],"scale":[1,1,1],"scaleCompensation":false},{"name":"gunTurretR_JNT","position":[-1.35566,2.05326,5.01825],"rotation":[0,0,0],"scale":[1,1,1],"scaleCompensation":false},{"name":"rocketShooterRootR_JNT","position":[-0.541117,0.118374,-1.56035],"rotation":[-25,-0,0],"scale":[1,1,1],"scaleCompensation":false},{"name":"rocketBaseR_JNT","position":[-1.11022e-16,2.61233,4.44089e-16],"rotation":[0,0,0],"scale":[1,0.270591,1],"scaleCompensation":false},{"name":"rocket1R_JNT","position":[-0.686157,2.83675,1.30041],"rotation":[10,-0,0],"scale":[1,1,1],"scaleCompensation":false},{"name":"rocket2R_JNT","position":[-1.59786,2.8664,1.25423],"rotation":[10,-0,0],"scale":[1,1,1],"scaleCompensation":false},{"name":"rocket3R_JNT","position":[-1.60698,3.72444,1.4382],"rotation":[10,-0,0],"scale":[1,1,1],"scaleCompensation":false},{"name":"rocket4R_JNT","position":[-0.709012,3.70765,1.48636],"rotation":[10,-0,0],"scale":[1,1,1],"scaleCompensation":false},{"name":"rocketShooterLootL_JNT","position":[0.541117,0.118374,-1.56035],"rotation":[155,-0,0],"scale":[1,1,1],"scaleCompensation":false},{"name":"rocketBaseL_JNT","position":[-1.11022e-16,-2.61233,-7.99369e-06],"rotation":[0,0,0],"scale":[1,0.270591,1],"scaleCompensation":false},{"name":"rocket1L_JNT","position":[0.686153,-2.83675,-1.30041],"rotation":[10,-0,0],"scale":[1,1,1],"scaleCompensation":false},{"name":"rocket2L_JNT","position":[1.59785,-2.86639,-1.25423],"rotation":[10,-0,0],"scale":[1,1,1],"scaleCompensation":false},{"name":"rocket3L_JNT","position":[1.60698,-3.72444,-1.4382],"rotation":[10,-0,0],"scale":[1,1,1],"scaleCompensation":false},{"name":"rocket4L_JNT","position":[0.709013,-3.70765,-1.48636],"rotation":[10,-0,0],"scale":[1,1,1],"scaleCompensation":false},{"name":"boostL_JNT","position":[3.78442,3.78558,-2.84778],"rotation":[0,-0,25],"scale":[1,1,1],"scaleCompensation":false},{"name":"flameL_JNT","position":[3.33457,0.694701,-6.16555],"rotation":[0,-0,-25],"scale":[1,1,1],"scaleCompensation":false},{"name":"boostR_JNT","position":[-3.78442,3.78558,-2.84778],"rotation":[180,5.29669e-31,-25],"scale":[1,1,1],"scaleCompensation":false},{"name":"flameR_JNT","position":[-3.33457,-0.6947,6.16556],"rotation":[-2.11868e-30,-7.06225e-31,-25],"scale":[1,1,1],"scaleCompensation":false}],"parents":[-1,0,1,1,1,1,1,0,7,8,9,10,11,12,13,14,15,14,17,12,19,20,21,22,23,24,25,26,12,28,29,30,31,32,33,34,35,8,37,38,39,40,8,42,43,44,45,7,47,48,49,50,51,52,49,54,55,56,49,58,58,58,58,62,62,62,62,62,58,58,58,70,70,70,70,58,58,47,77,78,79,80,47,82,83,84,85,7,7,7,7,7,7,7,7,7,7,7,7,7,7,7,7,7,103,103,103,103,103,7,109,109,109,109,109,7,115,7,117],"skins":[{"inverseBindMatrices":[[0.906308,-0.422618,0,0,0.422618,0.906308,-0,0,0,0,1,0,-5.02971,-1.83154,2.84778,1],[1,-0,0,0,0,1,-0,0,0,0,1,0,-6.51297,-5.82444,9.01334,1],[0.906308,-0.422618,5.17558e-17,0,-0.422618,-0.906308,1.10991e-16,0,-6.16298e-33,-1.22465e-16,-1,0,5.0297,1.83154,-2.84778,1],[1,-1.11022e-16,5.17558e-17,0,-1.11022e-16,-1,1.22465e-16,0,5.17558e-17,-1.22465e-16,-1,0,6.51297,5.82444,-9.01334,1]],"boneNames":["boostL_JNT","flameL_JNT","boostR_JNT","flameR_JNT"]},{"inverseBindMatrices":[[1,-0,0,0,0,1,-0,0,0,0,1,0,1.14805e-16,-0,-5.55112e-17,1],[1,-0,0,0,0,1,-0,0,0,0,1,0,1.14805e-16,-1.72162,0.0173439,1],[1,-0,0,0,0,1,-0,0,0,0,1,0,1.14805e-16,-1.9683,0.0173439,1],[1,-0,0,0,0,1,-0,0,0,0,1,0,1.14805e-16,-2.21499,0.0173439,1],[1,-0,0,0,0,1,-0,0,0,0,1,0,1.14805e-16,-2.46167,0.0173439,1],[1,5.97937e-17,-5.42101e-18,0,-5.97937e-17,1,-7.44543e-15,0,5.42101e-18,7.44543e-15,1,0,2.76842e-16,-2.70835,0.0173439,1],[1,5.97937e-17,-5.42101e-18,0,-5.97937e-17,1,-7.44543e-15,0,5.42101e-18,7.44543e-15,1,0,3.60109e-16,-2.85686,0.0481865,1],[0.722781,-0.327843,0.608364,0,0.413078,0.910696,4.16334e-16,0,-0.554034,0.251302,0.793658,0,-1.377,-2.9973,0.0207615,1],[0.664272,-0.133877,0.735404,0,0.197568,0.980289,-3.19189e-16,0,-0.720909,0.145292,0.677629,0,-1.24073,-3.36469,-0.0748859,1],[1,8.51923e-17,-2.77556e-16,0,-8.51923e-17,1,-4.44089e-16,0,2.77556e-16,4.44089e-16,1,0,-1.35375,-3.8186,1.35866,1],[0.664272,-0.133877,0.735404,0,-0.197568,-0.980289,1.22125e-15,0,0.720909,-0.145292,-0.677629,0,1.24073,3.36469,0.0748855,1],[1,1.48494e-16,-6.10623e-16,0,1.48494e-16,-1,1.01064e-15,0,-6.10623e-16,-1.01064e-15,-1,0,1.35375,3.8186,-1.35866,1],[0.00121486,-0.999606,-0.0280314,0,0.999062,2.49974e-15,0.0432986,0,-0.0432816,-0.0280577,0.998669,0,-2.64754,-0.203001,-0.0877156,1],[-0.00312955,-0.999855,-0.0167393,0,0.999055,-0.0038519,0.0432959,0,-0.0433541,-0.016588,0.998922,0,-2.64862,-0.337328,-0.0848715,1],[0.00121099,-0.999607,-0.0280087,0,0.999059,-4.74316e-06,0.043365,0,-0.0433481,-0.0280348,0.998667,0,-2.6467,-0.492686,-0.0900629,1],[0.00410256,-0.999361,-0.0355109,0,0.999054,0.00255847,0.0434187,0,-0.0433001,-0.0356555,0.998426,0,-2.64505,-0.644484,-0.0944481,1],[-0.0270611,-0.997373,0.0671858,0,0.997387,-0.0314427,-0.0650392,0,0.0669809,0.0652502,0.995618,0,-2.6598,-0.692763,0.273486,1],[-0.0248324,-0.997967,0.0587009,0,0.997457,-0.0286577,-0.0652483,0,0.0667978,0.0569314,0.996141,0,-2.65811,-0.834016,0.266871,1],[-0.0226059,-0.998481,0.0502415,0,0.997523,-0.0258757,-0.0654139,0,0.0666146,0.0486383,0.996593,0,-2.6561,-0.975194,0.259033,1],[-0.0192597,-0.99911,0.037536,0,0.997606,-0.0216976,-0.0656629,0,0.0664189,0.0361815,0.997136,0,-2.65268,-1.12033,0.245845,1],[1,1.7434e-15,1.22125e-15,0,1.7434e-15,-1,-3.38732e-14,0,1.22125e-15,3.38732e-14,-1,0,1.31254,2.63509,-0.0230509,1],[-0.000242958,0.999606,0.0280567,0,-0.999963,-1.0449e-14,-0.00865921,0,-0.0086558,-0.0280577,0.999569,0,2.64853,-0.203,0.0499377,1],[0.0088041,0.998408,0.0557139,0,-0.999917,0.00931386,-0.00889664,0,-0.00940138,-0.055631,0.998407,0,2.64611,-0.373258,0.0435994,1],[-0.000235079,0.999604,0.0281219,0,-0.999958,2.20156e-05,-0.00914148,0,-0.00913848,-0.0281229,0.999563,0,2.65024,-0.492847,0.0565358,1],[-0.00626008,0.999933,0.00972122,0,-0.999938,-0.00616999,-0.00927038,0,-0.00920978,-0.00977865,0.99991,0,2.65359,-0.620574,0.0672749,1],[-0.0123174,0.999885,-0.00880388,0,-0.999881,-0.0123983,-0.00919664,0,-0.00930474,0.00868956,0.999919,0,2.65772,-0.747932,0.0802151,1],[-0.0188985,0.999402,-0.0289479,0,-0.999775,-0.0191684,-0.00907347,0,-0.00962293,0.0287699,0.99954,0,2.66301,-0.861609,0.0969471,1],[-0.0254394,0.998476,-0.0489724,0,-0.999627,-0.0258947,-0.00868467,0,-0.00993957,0.0487332,0.998762,0,2.66902,-0.975031,0.11552,1],[-0.0352301,0.996254,-0.0789766,0,-0.999322,-0.035965,-0.00790204,0,-0.0107128,0.0786447,0.996845,0,2.67886,-1.07793,0.146122,1],[1,2.6216e-16,3.747e-16,0,-2.6216e-16,1,1.35569e-14,0,-3.747e-16,-1.35569e-14,1,0,-1.31254,-2.63509,0.0230509,1],[0.0278836,0.320221,0.946932,0,-0.998931,0.0438791,0.0145764,0,-0.0368829,-0.946326,0.321102,0,1.60402,-0.169688,-0.0982918,1],[0.0320886,0.117869,0.992511,0,-0.98899,0.14727,0.0144852,0,-0.14446,-0.982048,0.121297,0,0.916127,-0.246124,-0.122614,1],[0.566949,0.0816319,-0.819698,0,-0.142515,0.989793,3.05311e-16,0,0.811331,0.116819,0.572796,0,0.119284,-0.385129,0.213748,1],[0.689973,-0.00706983,-0.723801,0,0.010246,0.999947,-2.10723e-08,0,0.723763,-0.00741603,0.690009,0,-0.691419,-0.286457,0.11106,1],[1,-1.52522e-08,2.15917e-10,0,1.52522e-08,1,-1.45401e-08,0,-2.15917e-10,1.45401e-08,1,0,-1.10402,-0.301673,-0.99713,1],[0.0278835,0.320224,0.946932,0,0.998931,-0.043879,-0.0145761,0,0.0368828,0.946325,-0.321105,0,-1.60402,0.169688,0.0982908,1],[0.0320888,0.117872,0.99251,0,0.98899,-0.14727,-0.014485,0,0.14446,0.982048,-0.1213,0,-0.916127,0.246124,0.122613,1],[0.566949,0.0816319,-0.819698,0,0.142515,-0.989793,2.41474e-15,0,-0.811331,-0.116819,-0.572796,0,-0.119284,0.385128,-0.213749,1],[0.689973,-0.00706982,-0.723801,0,-0.010246,-0.999947,-1.14691e-14,0,-0.723763,0.00741605,-0.690009,0,0.691419,0.286457,-0.11106,1],[1,-2.14059e-15,2.77556e-16,0,-2.14059e-15,-1,-1.92183e-14,0,2.77556e-16,1.92183e-14,-1,0,1.10402,0.301673,0.99713,1],[1,-0,-0,0,-0,0.980156,0.19823,0,0,-0.19823,0.980156,0,1.14805e-16,-0.601927,-0.398806,1],[1,-0,-0,0,-0,0.980156,0.19823,0,0,-0.19823,0.980156,0,1.14805e-16,-1.0747,-0.398806,1],[1,-0,-0,0,-0,0.980156,0.19823,0,0,-0.19823,0.980156,0,1.14805e-16,-1.54748,-0.398806,1],[0.900972,-0.0632104,-0.429248,0,0.0699859,0.997548,3.55618e-15,0,0.428195,-0.0300413,0.903187,0,-0.70917,-1.22199,0.201735,1],[0.769819,-0.163316,-0.617014,0,0.20753,0.978229,-2.05391e-15,0,0.603581,-0.128049,0.786952,0,-1.04585,-1.09192,0.4475,1],[0.888281,0.38947,-0.243454,0,-0.401552,0.915836,-1.01308e-15,0,0.222964,0.0977593,0.969912,0,-0.544528,-1.65621,-0.091645,1],[1,7.29535e-17,-7.59325e-32,0,-7.29535e-17,1,-1.04083e-15,0,0,1.04083e-15,1,0,-1.38585,-1.17185,-0.442344,1],[0.900972,-0.0632104,-0.429248,0,-0.0699859,-0.997548,-3.11903e-15,0,-0.428195,0.0300413,-0.903187,0,0.709171,1.22199,-0.201735,1],[0.769819,-0.163316,-0.617014,0,-0.20753,-0.978229,9.5618e-15,0,-0.603581,0.128049,-0.786952,0,1.04585,1.09192,-0.4475,1],[0.888281,0.38947,-0.243454,0,0.401552,-0.915836,1.07414e-14,0,-0.222964,-0.0977593,-0.969912,0,0.544528,1.65622,0.0916446,1],[1,1.86533e-17,-2.01094e-31,0,1.86533e-17,-1,1.07806e-14,0,0,-1.07806e-14,-1,0,1.38585,1.17185,0.442344,1],[1,-0,0,0,0,1,-2.77556e-17,0,0,2.77556e-17,1,0,1.98072e-16,-1.76937,-0.0839213,1],[1,-0,0,0,0,1,-2.77556e-17,0,0,2.77556e-17,1,0,-0.581747,-2.24354,-0.411795,1],[1,-0,0,0,0,1,-2.77556e-17,0,0,2.77556e-17,1,0,-0.334274,-2.03525,-0.470704,1],[1,-0,0,0,0,1,-2.77556e-17,0,0,2.77556e-17,1,0,2.29622e-16,-1.9556,-0.575567,1],[1,-0,0,0,0,1,-2.77556e-17,0,0,2.77556e-17,1,0,-0.000677387,-2.03256,-0.182162,1],[1,-0,0,0,0,1,-2.77556e-17,0,0,2.77556e-17,1,0,-0.000677387,-1.92234,-0.589747,1],[1,-0,0,0,0,1,-2.77556e-17,0,0,2.77556e-17,1,0,-0.346702,-2.01787,-0.494346,1],[1,-0,0,0,0,1,-2.77556e-17,0,0,2.77556e-17,1,0,-0.593822,-2.23035,-0.403843,1],[1,-0,0,0,-0,-1,1.22465e-16,0,0,-1.22465e-16,-1,0,0.592467,2.23035,0.403843,1],[1,-0,0,0,-0,-1,1.22465e-16,0,0,-1.22465e-16,-1,0,0.345348,2.01787,0.494346,1],[1,-0,0,0,-0,-1,1.22465e-16,0,0,-1.22465e-16,-1,0,0.334274,2.03525,0.470704,1],[1,-0,0,0,-0,-1,1.22465e-16,0,0,-1.22465e-16,-1,0,0.581747,2.24354,0.411795,1],[1,-0,0,0,-0,-1,1.22465e-16,0,0,-1.22465e-16,-1,0,0.000475007,2.71247,0.333176,1],[1,-0,0,0,-0,-1,1.22465e-16,0,0,-1.22465e-16,-1,0,0.162822,2.70826,0.381374,1],[1,-0,0,0,-0,-1,1.22465e-16,0,0,-1.22465e-16,-1,0,0.212101,3.13781,0.236039,1],[1,-0,0,0,0,1,-2.77556e-17,0,0,2.77556e-17,1,0,-0.212101,-3.13781,-0.236039,1],[1,-0,0,0,0,1,-2.77556e-17,0,0,2.77556e-17,1,0,-0.162822,-2.70826,-0.381374,1],[1,-0,0,0,0,1,-2.77556e-17,0,0,2.77556e-17,1,0,-0.819164,-2.32248,-0.016551,1],[1,-0,0,0,-0,-1,1.22465e-16,0,0,-1.22465e-16,-1,0,0.819164,2.32248,0.016551,1],[2.83139e-16,2.74429e-16,-1,0,-0.999512,0.0312348,-2.74429e-16,0,0.0312348,0.999512,2.83139e-16,0,0.599737,-0.32652,0.271159,1],[2.69522e-16,-4.70055e-16,1,0,-0.951445,0.30782,4.01128e-16,0,-0.30782,-0.951445,-3.64267e-16,0,0.471712,0.177795,-0.271159,1],[4.01492e-16,-1.32974e-16,-1,0,-0.422885,0.906183,-2.90284e-16,0,0.906183,0.422885,3.07593e-16,0,-0.14793,-0.251162,0.271159,1],[3.53135e-16,4.90371e-18,-1,0,-0.0277671,0.999614,-4.90371e-18,0,0.999614,0.0277671,3.53135e-16,0,-0.474327,-0.0682108,0.271159,1],[1,-2.74984e-16,-8.98125e-17,0,2.74984e-16,1,1.14492e-16,0,8.98125e-17,-1.14492e-16,1,0,-0.271159,-0.0437865,-0.880221,1],[7.27011e-16,-3.05996e-16,-1,0,0.999512,-0.0312348,7.36214e-16,0,-0.0312348,-0.999512,2.83139e-16,0,-0.599737,0.32652,-0.271159,1],[6.92049e-16,1.58959e-16,1,0,0.951445,-0.30782,-6.09515e-16,0,0.30782,0.951445,-3.64267e-16,0,-0.471711,-0.177796,0.271159,1],[-6.80052e-17,-1.46982e-15,-1,0,0.422885,-0.906183,1.30317e-15,0,-0.906183,-0.422885,6.8319e-16,0,0.14793,0.251162,-0.271159,1],[-5.77859e-16,-3.6832e-15,-1,0,0.0277671,-0.999614,3.66574e-15,0,-0.999614,-0.0277671,6.79908e-16,0,0.474327,0.0682108,-0.271159,1],[1,-1.09858e-15,-1.01428e-15,0,-1.09858e-15,-1,4.56336e-15,0,-1.01428e-15,-4.56336e-15,-1,0,0.271159,0.0437865,0.880221,1],[1,-0,0,0,0,1,-0,0,0,0,1,0,8.32667e-17,-0,-0,1],[1,-0,0,0,0,1,-0,0,0,0,1,0,-3.39752e-16,-4.97803,-1.90511,1],[1,-0,0,0,0,1,-0,0,0,0,1,0,-9.36312e-16,-4.435,-4.59178,1],[1,-0,0,0,0,1,-0,0,0,0,1,0,3.43673,-1.55258,-4.98892,1],[1,-0,0,0,0,1,-0,0,0,0,1,0,-3.43673,-1.55258,-4.98892,1],[1,-0,0,0,0,1,-0,0,0,0,1,0,3.43673,-1.55258,3.79363,1],[1,-0,0,0,0,1,-0,0,0,0,1,0,-3.43673,-1.55258,3.79363,1],[1,-0,0,0,0,1,-0,0,0,0,1,0,3.75281,-2.73961,0.0747674,1],[1,-0,0,0,-0,-1,1.22465e-16,0,0,-1.22465e-16,-1,0,-3.753,2.74,-0.075,1],[1,-0,0,0,0,1,-0,0,0,0,1,0,-2.13087,-1.02499,-4.97325,1],[1,-0,0,0,0,1,-0,0,0,0,1,0,2.13087,-1.02499,-4.97325,1],[1,-0,0,0,0,1,-0,0,0,0,1,0,2.125,-1.0081,3.77954,1],[1,-0,0,0,0,1,-0,0,0,0,1,0,-2.125,-1.0081,3.77954,1],[1,-0,-0,0,-0,0.955639,0.294541,0,0,-0.294541,0.955639,0,9.64335e-16,-4.87338,2.65013,1],[1,-0,0,0,0,1,-0,0,0,0,1,0,-4.09909,-2.05326,-5.01825,1],[1,-0,0,0,0,1,-0,0,0,0,1,0,4.09909,-2.05326,-5.01825,1],[1,-0,-0,0,-0,0.906308,0.422618,0,0,-0.422618,0.906308,0,0.541117,-0.766714,1.36413,1],[1,-0,-0,0,-0,0.906308,0.422618,0,0,-0.422618,0.906308,0,0.541117,-3.37904,1.36413,1],[1,-0,-0,0,-0,0.965926,0.258819,0,0,-0.258819,0.965926,0,1.22727,-3.53766,0.688483,1],[1,-0,-0,0,-0,0.965926,0.258819,0,0,-0.258819,0.965926,0,2.13897,-3.55884,0.739114,1],[1,-0,-0,0,-0,0.965926,0.258819,0,0,-0.258819,0.965926,0,2.1481,-4.43579,0.70693,1],[1,-0,-0,0,-0,0.965926,0.258819,0,0,-0.258819,0.965926,0,1.25013,-4.42761,0.656589,1],[1,-0,-0,0,-0,-0.906308,-0.422618,0,-0,0.422618,-0.906308,0,-0.541117,0.766716,-1.36413,1],[1,-0,-0,0,-0,-0.906308,-0.422618,0,-0,0.422618,-0.906308,0,-0.541117,3.37904,-1.36412,1],[1,-0,-0,0,-0,-0.965926,-0.258819,0,-0,0.258819,-0.965926,0,-1.22727,3.53766,-0.688487,1],[1,-0,-0,0,-0,-0.965926,-0.258819,0,-0,0.258819,-0.965926,0,-2.13897,3.55883,-0.739112,1],[1,-0,-0,0,-0,-0.965926,-0.258819,0,-0,0.258819,-0.965926,0,-2.1481,4.43578,-0.706933,1],[1,-0,-0,0,-0,-0.965926,-0.258819,0,-0,0.258819,-0.965926,0,-1.25013,4.42762,-0.656592,1],[0.906308,-0.422618,0,0,0.422618,0.906308,-0,0,0,0,1,0,-5.02971,-1.83154,2.84778,1],[0.906308,-0.422618,5.17558e-17,0,-0.422618,-0.906308,1.10991e-16,0,-6.16298e-33,-1.22465e-16,-1,0,5.0297,1.83154,-2.84778,1]],"boneNames":["root_JNT","Spine0","Spine1","Spine2","Spine3","Spine4","head_JNT","headEnd_JNT","earL_JNT","earLEnd","earR_JNT","earREnd","armROut0","armROut1","armROut2","armROut3","armROut4","armROut5","armROut6","armROut7","armROut8","armLOut0","armLOut1","armLOut2","armLOut3","armLOut4","armLOut5","armLOut6","armLOut7","armLOut8","thighL_JNT","kneeL_JNT","footL_JNT","toeL_JNT","toeEndL_JNT","thighR_JNT","kneeR_JNT","footR_JNT","toeR_JNT","toeEndR_JNT","penfold_spinePenfold0","penfold_spinePenfold1","penfold_spinePenfold2","penfold_shoulderL_JNT","penfold_elbowL_JNT","penfold_handL_JNT","penfold_handEndL","penfold_shoulderR_JNT","penfold_elbowR_JNT","penfold_handR_JNT","penfold_handEndR","penfold_neck_JNT","penfold_lipTopCornerL_JNT","penfold_lipTopMidL_JNT","penfold_lipTop_JNT","penfold_jaw_JNT","penfold_lipBottom_JNT","penfold_lipBottomMidL_JNT","penfold_lipBottomCornerL_JNT","penfold_lipBottomCornerR_JNT","penfold_lipBottomMidR_JNT","penfold_lipTopMidR_JNT","penfold_lipTopCornerR_JNT","penfold_glasses_JNT","penfold_eyeR_JNT","penfold_eyebrowR_JNT","penfold_eyebrowL_JNT","penfold_eyeL_JNT","penfold_earL_JNT","penfold_earR_JNT","penfold_thighL_JNT","penfold_kneeL_JNT","penfold_heelL_JNT","penfold_toeL_JNT","penfold_toeEndL_JNT","penfold_thighR_JNT","penfold_kneeR_JNT","penfold_heelR_JNT","penfold_toeR_JNT","penfold_toeEndR_JNT","shadow_JNT","Dome_JNT","windshield_JNT","wheelFR_JNT","wheelFL_JNT","wheelBR_JNT","wheelBL_JNT","wingR_JNT","wingL_JNT","frontWheelL_JNT","frontWheelR_JNT","backWheelR_JNT","backWheelL_JNT","tailFin_JNT","gunTurretL_JNT","gunTurretR_JNT","rocketShooterRootR_JNT","rocketBaseR_JNT","rocket1R_JNT","rocket2R_JNT","rocket3R_JNT","rocket4R_JNT","rocketShooterLootL_JNT","rocketBaseL_JNT","rocket1L_JNT","rocket2L_JNT","rocket3L_JNT","rocket4L_JNT","boostL_JNT","boostR_JNT"]},{"inverseBindMatrices":[[1,-0,0,0,0,1,-0,0,0,0,1,0,8.32667e-17,-0,-0,1]],"boneNames":["shadow_JNT"]},{"inverseBindMatrices":[[1,-0,0,0,0,1,-0,0,0,0,1,0,1.14805e-16,-0,-5.55112e-17,1]],"boneNames":["root_JNT"]},{"inverseBindMatrices":[[1,-0,0,0,0,1,-0,0,0,0,1,0,1.14805e-16,-0,-5.55112e-17,1],[1,-0,0,0,0,1,-0,0,0,0,1,0,3.43673,-1.55258,3.79363,1],[1,-0,0,0,0,1,-0,0,0,0,1,0,-3.43673,-1.55258,3.79363,1],[1,-0,0,0,0,1,-0,0,0,0,1,0,3.75281,-2.73961,0.0747674,1],[1,-0,0,0,-0,-1,1.22465e-16,0,0,-1.22465e-16,-1,0,-3.753,2.74,-0.075,1],[1,-0,-0,0,-0,0.906308,0.422618,0,0,-0.422618,0.906308,0,0.541117,-0.766714,1.36413,1],[1,-0,-0,0,-0,-0.906308,-0.422618,0,-0,0.422618,-0.906308,0,-0.541117,0.766716,-1.36413,1],[0.906308,-0.422618,0,0,0.422618,0.906308,-0,0,0,0,1,0,-5.02971,-1.83154,2.84778,1],[1,-0,0,0,0,1,-0,0,0,0,1,0,-6.51297,-5.82444,9.01334,1],[0.906308,-0.422618,5.17558e-17,0,-0.422618,-0.906308,1.10991e-16,0,-6.16298e-33,-1.22465e-16,-1,0,5.0297,1.83154,-2.84778,1],[1,-1.11022e-16,5.17558e-17,0,-1.11022e-16,-1,1.22465e-16,0,5.17558e-17,-1.22465e-16,-1,0,6.51297,5.82444,-9.01334,1]],"boneNames":["root_JNT","wheelBR_JNT","wheelBL_JNT","wingR_JNT","wingL_JNT","rocketShooterRootR_JNT","rocketShooterLootL_JNT","boostL_JNT","flameL_JNT","boostR_JNT","flameR_JNT"]}],"morphs":[],"vertices":[{"position":{"type":"float32","components":3,"data":[-6.24565,5.74881,-9.2223,-6.52387,5.55914,-9.10221,-6.50114,5.81037,-8.97895,-6.25907,5.4996,-9.49609,-6.76695,5.55023,-9.26888,-6.81865,5.74982,-9.20902,-6.82079,5.97741,-9.25259,-6.56033,6.06463,-9.15829,-6.23365,6.06821,-9.58911,-6.51572,5.54348,-13.1015,-6.51325,5.76632,-13.4679,-6.66945,5.61327,-13.1254,-6.36099,5.61462,-13.1238,-6.44667,5.40908,-12.2,-6.61425,5.48469,-12.3491,-6.25851,5.4849,-12.3494,-6.29002,5.76947,-13.1017,-6.51325,5.76632,-13.4679,-6.36099,5.61462,-13.1238,-6.35982,5.9229,-13.1256,-6.18159,5.6766,-12.1812,-6.25851,5.4849,-12.3494,-6.31086,5.93822,-12.2477,-6.24557,5.87519,-11.6782,-6.74961,6.17206,-11.4392,-6.60118,6.09903,-11.6496,-6.29857,6.06604,-10.9211,-7.10431,6.09232,-10.8531,-6.79704,6.00718,-11.559,-6.58972,6.10979,-12.2412,-6.77953,6.03749,-12.4065,-6.31086,5.93822,-12.2477,-6.56629,5.40486,-10.6931,-6.3827,5.40003,-9.99121,-6.44958,5.36698,-10.8241,-6.52184,5.46684,-9.6352,-6.70469,5.43943,-9.85144,-6.75559,5.40676,-10.7072,-6.76695,5.55023,-9.26888,-6.52387,5.55914,-9.10221,-6.25907,5.4996,-9.49609,-7.10431,6.09232,-10.8531,-7.25589,5.39616,-11.7856,-6.85466,5.72866,-11.5429,-6.79704,6.00718,-11.559,-6.75559,5.40676,-10.7072,-6.65602,5.48148,-11.4519,-6.77255,5.77368,-12.1567,-6.61425,5.48469,-12.3491,-6.77953,6.03749,-12.4065,-6.20196,5.25545,-11.7546,-5.95718,5.48894,-11.7641,-6.29857,6.06604,-10.9211,-6.09949,5.44189,-11.8125,-6.44958,5.36698,-10.8241,-6.23795,5.1869,-11.3007,-6.0834,5.07724,-11.7197,-6.09092,5.19815,-11.8036,-5.91405,5.37737,-11.8461,-6.2043,5.1844,-10.8179,-6.3827,5.40003,-9.99121,-6.01449,5.25257,-10.5325,-5.85874,5.10399,-11.1211,-6.04613,5.04199,-11.4003,-5.90126,5.47321,-10.5987,-5.90982,5.58943,-10.8411,-5.75853,5.30954,-11.0658,-5.73834,5.38297,-11.2381,-6.27942,6.09931,-10.3524,-5.90882,5.57056,-11.2772,-5.78331,5.44632,-11.4354,-7.20966,5.43597,-10.342,-6.70469,5.43943,-9.85144,-7.112,5.26438,-10.6128,-7.32584,5.12141,-11.1777,-8.45391,4.81577,-12.3351,-7.31065,5.31241,-11.6725,-7.33151,5.75321,-10.9699,-7.0824,6.07857,-10.2325,-7.27766,5.90236,-10.627,-7.2542,5.76926,-10.3364,-7.18247,5.665,-10.0794,-6.78048,6.44389,-10.1326,-6.63477,6.43798,-10.3097,-7.00995,6.35579,-10.1607,-7.32006,6.94638,-11.0521,-7.53755,6.86073,-11.1182,-7.21977,6.97692,-11.2189,-7.0824,6.07857,-10.2325,-7.15638,6.22937,-10.5061,-7.21463,6.23842,-11.0443,-7.57077,6.62227,-11.3129,-7.50098,6.53379,-11.5501,-6.98838,6.20485,-11.4044,-6.91491,6.61579,-11.3861,-7.32797,6.512,-11.62,-7.19089,6.71585,-11.6861,-6.71409,6.48098,-10.7621,-6.27942,6.09931,-10.3524,-7.15402,6.91198,-11.3716,-6.20832,5.33595,-11.9471,-6.43114,5.34137,-11.7237,-6.65602,5.48148,-11.4519,-6.24557,5.87519,-11.6782,-6.08445,5.54893,-12.005,-6.20832,5.33595,-11.9471,-6.51573,5.9953,-13.1045,-6.35982,5.9229,-13.1256,-6.67064,5.92426,-13.1271,-6.74184,5.76948,-13.1044,-6.67064,5.92426,-13.1271,-6.66945,5.61327,-13.1254,-6.51325,5.76632,-13.4679,-7.40996,7.02008,-11.3866,-7.30239,7.02297,-11.4638,-7.56775,6.91002,-11.4295,-7.48683,6.94898,-11.6863,-7.59349,6.73925,-11.5253,-7.51729,6.65945,-11.6416,-7.39579,6.63949,-11.7123,-7.24628,6.81607,-11.7302,-7.22646,6.9622,-11.5607,-5.87739,5.30734,-11.9668,-6.03481,5.16154,-11.9335,-6.02567,5.04462,-11.8735,-5.79166,5.09248,-11.6907,-5.97036,4.98346,-11.7199,-5.81418,5.03209,-11.4736,-5.69888,5.2024,-11.3816,-5.68687,5.27831,-11.5111,-5.72226,5.34136,-11.6908,-6.33264,5.74953,-9.27171,-6.52818,5.64066,-9.16004,-6.52025,5.80168,-9.07677,-6.3117,5.57836,-9.5283,-6.71622,5.62502,-9.3118,-6.73818,5.75714,-9.26802,-6.7479,5.93179,-9.30375,-6.56699,5.9859,-9.21965,-6.3083,6.00508,-9.61036,-6.50203,5.70018,-12.7017,-6.50032,5.82598,-12.9867,-6.58749,5.7404,-12.7183,-6.41541,5.74137,-12.7171,-6.5018,5.67206,-11.9402,-6.60913,5.72076,-12.1026,-6.39448,5.72088,-12.0988,-6.37428,5.8281,-12.7018,-6.50032,5.82598,-12.9867,-6.41541,5.74137,-12.7171,-6.41451,5.91339,-12.7185,-6.34581,5.8284,-11.9321,-6.39448,5.72088,-12.0988,-6.3945,5.93539,-12.0932,-6.54983,5.98849,-11.4553,-6.37011,5.99756,-10.9069,-6.6848,6.2272,-11.0309,-6.3506,5.87601,-11.4908,-7.0117,6.07908,-10.8177,-6.68814,5.96061,-11.395,-6.5018,5.98425,-11.9292,-6.60911,5.9355,-12.097,-6.3945,5.93539,-12.0932,-6.55215,5.50391,-10.6933,-6.36122,5.49679,-10.0048,-6.41068,5.45903,-10.8192,-6.5169,5.56588,-9.64849,-6.70131,5.53841,-9.86563,-6.77079,5.50521,-10.6979,-6.71622,5.62502,-9.3118,-6.52818,5.64066,-9.16004,-6.3117,5.57836,-9.5283,-6.68814,5.96061,-11.395,-7.09861,5.56361,-11.2126,-6.73104,5.75033,-11.4016,-7.0117,6.07908,-10.8177,-6.77079,5.50521,-10.6979,-6.61952,5.57413,-11.4229,-6.658,5.8284,-11.9372,-6.60913,5.72076,-12.1026,-6.60911,5.9355,-12.097,-6.17975,5.37946,-11.2966,-6.04935,5.51744,-11.3125,-6.21673,5.5656,-11.3484,-6.37011,5.99756,-10.9069,-6.41068,5.45903,-10.8192,-6.18857,5.29771,-11.1089,-6.0607,5.3068,-11.3507,-6.05448,5.23347,-11.3052,-5.96166,5.3953,-11.3925,-6.16757,5.27667,-10.83,-6.36122,5.49679,-10.0048,-6.06153,5.33443,-10.5656,-5.90879,5.19613,-11.1174,-6.0404,5.19515,-11.1651,-5.99797,5.47396,-10.6243,-5.99653,5.54012,-10.8489,-5.8547,5.3156,-11.0927,-5.83594,5.35612,-11.203,-6.35359,6.03226,-10.3489,-6.00059,5.54017,-11.1162,-5.87207,5.41562,-11.2536,-7.14486,5.49894,-10.3849,-6.70131,5.53841,-9.86563,-7.11543,5.36206,-10.6341,-7.34719,5.21794,-11.1623,-7.97675,5.14664,-11.8909,-7.27972,5.4166,-11.2914,-7.2688,5.68054,-10.9417,-6.98795,6.05366,-10.2542,-7.19847,5.84158,-10.6336,-7.16355,5.74246,-10.3691,-7.09105,5.67419,-10.119,-6.78084,6.35079,-10.1692,-6.68766,6.3539,-10.3216,-6.93532,6.30387,-10.2024,-7.08206,6.64426,-10.8985,-7.22453,6.60866,-10.9659,-7.03924,6.68191,-11.0412,-6.98795,6.05366,-10.2542,-7.05981,6.24686,-10.5255,-7.1079,6.2834,-10.9615,-7.25824,6.48584,-11.0791,-7.22674,6.46545,-11.2337,-6.92791,6.29267,-11.0566,-6.78341,6.45047,-11.0229,-7.05547,6.58622,-11.3361,-7.12296,6.45161,-11.2695,-6.35359,6.03226,-10.3489,-6.75903,6.39424,-10.722,-7.00424,6.6564,-11.1469,-6.3037,5.53459,-11.5132,-6.45213,5.51159,-11.4652,-6.61952,5.57413,-11.4229,-6.3506,5.87601,-11.4908,-6.25311,5.692,-11.5267,-6.3037,5.53459,-11.5132,-6.50203,5.95552,-12.7042,-6.41451,5.91339,-12.7185,-6.58841,5.91437,-12.7196,-6.62962,5.82811,-12.704,-6.58841,5.91437,-12.7196,-6.58749,5.7404,-12.7183,-6.50032,5.82598,-12.9867,-7.17105,6.76173,-11.1662,-7.11326,6.75916,-11.2207,-7.26821,6.70004,-11.1862,-7.23049,6.74669,-11.3542,-7.28443,6.60204,-11.2437,-7.23571,6.56091,-11.3038,-7.17067,6.55094,-11.3434,-7.09249,6.65844,-11.3685,-7.07767,6.73679,-11.2766,-5.92298,5.34124,-11.4965,-6.00916,5.2577,-11.474,-6.0063,5.20045,-11.4365,-5.85342,5.18138,-11.5121,-5.97715,5.15622,-11.3899,-5.87052,5.15137,-11.359,-5.79599,5.24445,-11.3606,-5.79719,5.28968,-11.3934,-5.82151,5.33737,-11.4305,-6.68895,5.64099,-9.4619,-6.68895,6.01487,-9.4619,-6.31508,5.64099,-9.4619,-6.31508,6.01487,-9.4619,-6.50202,5.82793,-12.6856,-6.65153,5.67842,-10.1073,-6.35195,5.67786,-10.0976,-6.50202,5.82793,-12.6856,-6.35195,5.67786,-10.0976,-6.3486,5.98134,-10.04,-6.3486,5.98134,-10.04,-6.65484,5.98076,-10.0501,-6.50202,5.82793,-12.6856,-6.31508,5.64099,-9.4619,-6.68895,5.64099,-9.4619,-6.65484,5.98076,-10.0501,-6.65153,5.67842,-10.1073,-6.50202,5.82793,-12.6856,-6.3486,5.98134,-10.04,-6.35195,5.67786,-10.0976,-5.8738,5.21405,-11.5304,-6.35195,5.67786,-10.0976,-6.31508,5.64099,-9.4619,-5.8738,5.21405,-11.5304,-6.31508,5.64099,-9.4619,-6.31508,6.01487,-9.4619,-5.8738,5.21405,-11.5304,-6.31508,6.01487,-9.4619,-6.3486,5.98134,-10.04,-5.8738,5.21405,-11.5304,-6.68895,5.64099,-9.4619,-6.65153,5.67842,-10.1073,-7.5202,5.45504,-11.4412,-6.65153,5.67842,-10.1073,-6.65484,5.98076,-10.0501,-7.5202,5.45504,-11.4412,-6.65484,5.98076,-10.0501,-6.68895,6.01487,-9.4619,-7.5202,5.45504,-11.4412,-6.68895,6.01487,-9.4619,-6.68895,5.64099,-9.4619,-7.5202,5.45504,-11.4412,-6.31508,6.01487,-9.4619,-6.68895,6.01487,-9.4619,-7.06191,6.5518,-11.0941,-6.68895,6.01487,-9.4619,-6.65484,5.98076,-10.0501,-7.06191,6.5518,-11.0941,-6.65484,5.98076,-10.0501,-6.3486,5.98134,-10.04,-7.06191,6.5518,-11.0941,-6.3486,5.98134,-10.04,-6.31508,6.01487,-9.4619,-7.06191,6.5518,-11.0941,6.52387,5.55914,-9.10221,6.24565,5.74881,-9.2223,6.50114,5.81037,-8.97895,6.25907,5.4996,-9.49609,6.81865,5.74982,-9.20902,6.76695,5.55023,-9.26888,6.56033,6.06463,-9.15829,6.82079,5.97741,-9.25259,6.23365,6.06821,-9.58911,6.51572,5.54348,-13.1015,6.51325,5.76632,-13.4679,6.36099,5.61462,-13.1238,6.66945,5.61327,-13.1254,6.44667,5.40908,-12.2,6.61425,5.48469,-12.3491,6.25851,5.4849,-12.3494,6.29002,5.76947,-13.1017,6.51325,5.76632,-13.4679,6.35982,5.9229,-13.1256,6.36099,5.61462,-13.1238,6.18159,5.6766,-12.1812,6.25851,5.4849,-12.3